1
1.2
1.6
2
2.5
3
3.5
4
4.5
5
6
8
9
10
11
12
14
16
18
20
22
24
27
30
33
36
39
42
45
48
52
56
60
64
68
0.25
0.25
0.35
0.4
0.45
0.5
0.6
0.7
0.75
0.8
1
1.25
1.25
1.5
1.5
1.75
2
2
2.5
2.5
2.5
3
3
3.5
3.5
4
4
4.5
4.5
5
5
5.5
5.5
6
6
0.838
1.038
1.373
1.740
2.208
2.675
3.110
3.545
4.013
4.480
5.350
7.188
8.188
9.026
10.026
10.863
12.701
14.701
16.376
18.376
20.376
22.051
25.051
27.727
30.727
33.402
36.402
39.077
42.077
44.752
48.752
52.428
56.428
60.103
64.103
0.693
0.893
1.170
1.509
1.948
2.387
2.765
3.141
3.580
4.019
4.773
6.466
7.466
8.160
9.160
9.853
11.546
13.546
14.933
16.933
18.933
20.319
23.319
25.706
28.706
31.093
34.093
36.477
39.479
41.866
45.866
49.252
53.252
56.639
60.639
0.729
0.929
1.221
1.567
2.013
2.459
2.850
3.242
3.688
4.134
4.917
6.647
7.647
8.376
9.376
10.106
11.835
13.835
15.294
17.294
19.294
20.752
23.752
26.211
29.211
31.670
34.670
37.129
40.129
42.587
46.587
50.046
54.046
57.505
61.505
0.153
0.153
0.215
0.245
0.276
0.307
0.368
0.429
0.460
0.491
0.613
0.767
0.767
0.920
0.920
1.074
1.227
1.227
1.534
1.534
1.534
1.840
1.840
2.147
2.147
2.454
2.454
2.760
2.760
3.067
3.067
3.374
3.374
3.681
3.681
0.135
0.135
0.189
0.217
0.244
0.271
0.325
0.379
0.406
0.433
0.541
0.677
0.677
0.812
0.812
0.947
1.083
1.083
1.353
1.353
1.353
1.624
1.624
1.894
1.894
2.165
2.165
2.436
2.436
2.706
2.706
2.977
2.977
3.248
3.248
0.460
0.732
1.27
2.07
3.39
5.03
6.78
8.78
11.3
14.2
20.1
36.6
48.1
58.0
72.3
84.3
115
157
193
245
303
353
459
561
694
817
976
1121
1306
1473
1758
2030
2362
2676
3055
0.377
0.626
1.075
1.788
2.980
4.475
6.000
7.749
10.07
12.69
17.89
32.84
43.78
52.30
65.90
76.25
104.7
144.1
175.1
225.2
281.5
324.3
427.1
519.0
647.2
759.3
913.0
1045
1224
1377
1652
1905
2227
2520
2888
5.43
4.38
4.64
4.19
3.71
3.41
3.51
3.60
3.41
3.25
3.41
3.17
2.78
3.03
2.73
2.94
2.87
2.48
2.78
2.48
2.24
2.48
2.18
2.30
2.08
2.19
2.00
2.10
1.95
2.04
1.87
1.91
1.78
1.82
1.71
